46,35
10,233
10,245
10,73
10,11
10,159
10,303
10,91
10,2
10,3
11,25
9,7
9,5
9,2
9,3
8,8
8,4
8,7
0,318
35,70
35,69
35,68
35,67
35,66
35,65
35,64
35,36
35,35
35,34
35,33
35,32
35,31
35,30
35,29
35,28
35,27
35,26
35,25
35,24
35,23
35,22
35,21
35,20
35,19
35,18
35,17
35,16
35,15
35,14
35,13
35,12
35,11
35,10
35,9
35,8
35,7
35,6
35,5
35,1
20,3
20,2
20,1
19,3
19,2
19,1
12,3
12,2
12,1
11,27
11,26
11,24
11,23
11,22
11,21
11,20
11,19
11,18
11,17
11,16
11,15
11,14
11,13
11,12
11,11
11,10
11,9
11,8
11,7
11,6
11,5
11,4
11,3
11,2
11,1
10,309
10,306
10,301
10,292
10,291
10,287
10,283
10,280
10,279
10,278
10,276
10,275
10,268
18,1
10,255
10,235
10,222
18,3
